0
1
4
8
11
12
13
17
22
27
31
32
35
37
39
40
41
42
46
49
50
51
52
60
96
104
105
106
114
115
116
117
119
120
122
125
129
131
132
134
135
136
140
142
144
145
147
153
154
158
204
205
206
208
211
217
224
237
241
242
243
263
264
267
275
281
289
294
295
297
303
318
331
343
354
355
366
383
384
391
415
427
439
440
452
474
477
478
483
484
485
486
487
488
489
494
519
528
533
543
589
595
604
617
621
622
675
686
720
722
724
726
745
752
789
840
868
871
875
911
924
928
947
954
988
1011
1030
1031
1053
1062
1066
1067
1073
1075
1088
1093
1134
1138
1169
1175
1188
1197
1199
